function c = CD(x)
%     c = 1.92 - 1.55 * cos(2.04*a-9.82);
       p1 =   6.787e-07;
       p2 =  -0.0004533;
       p3 =     0.03243;
       p4 =      0.4342;
       c = p1*x^3 + p2*x^2 + p3*x + p4;
end