function c = CL(x)
%     c = 0.225 + 1.58 * sin(2.13*a-7.2);
       p1 =  -2.007e-06;
       p2 =   0.0002735;
       p3 =   0.0001676;
       p4 =      0.5533;
       c = p1*x^3 + p2*x^2 + p3*x + p4;
end